round: 0016
annualized_return: 0.106704
max_drawdown: -0.155893
sharpe: 0.879142
average_exposure: 0.607212
trade_count: 78
composite_score: -0.039275
