round: 0015
annualized_return: 0.095890
max_drawdown: -0.236338
sharpe: 0.794892
average_exposure: 0.595277
trade_count: 80
composite_score: -0.140959
