round: 0009
annualized_return: 0.104637
max_drawdown: -0.183651
sharpe: 0.857718
average_exposure: 0.616258
trade_count: 90
composite_score: -0.083242
