round: 0019
annualized_return: 0.101952
max_drawdown: -0.155893
sharpe: 0.841693
average_exposure: 0.606630
trade_count: 78
composite_score: -0.047771
